9 42
7 50
1 169
1 113
1 109
6 54
1 93
6 69
1 94
4 70
1 168
3 89
12 29
1 91
10 35
8 31
7 38
20 27
7 50
14 17
1 136
17 28
19 18
18 24
1 175
8 52
10 34
1 231
1 130
5 37
1 178
3 90
3 66
6 61
4 70
3 56
3 63
7 43
11 26
10 33
9 49
8 41
7 46
2 65
1 124
7 51
1 214
1 123
8 31
5 37
3 140
1 216
6 69
1 118
17 19
9 44
14 17
9 45
4 71
9 45
3 137
8 40
1 111
2 73
3 86
4 74
7 38
3 56
12 29
4 57
3 89
2 73
9 49
8 40
5 55
14 22
14 30
18 23
20 27
9 42
7 46
3 56
4 70
13 14
3 104
6 47
5 72
10 33
7 43
4 62
3 140
1 232
19 13
17 28
2 144
2 139
7 50
4 78
6 54
4 74
20 27
12 29
9 42
9 49
4 78
19 13
17 28
3 89
6 82
3 63
1 120
9 42
8 31
7 50
18 24
2 79
10 33
6 61
3 66
10 33
17 28
9 45
10 34
4 58
5 60
1 67
18 23
2 139
3 137
2 85
9 42
18 23
5 72
6 69
4 78
4 74
9 44
7 46
10 36
2 79
17 28
18 6
19 18
7 46
4 70
19 18
19 13
32 5
1 103
24 8
13 21
1 219
3 140
10 33
4 58
6 61
3 83
8 32
10 39
6 47
1 345
2 64
7 46
4 71
13 21
11 26
9 44
10 35
7 51
1 152
1 166
2 119
4 68
12 29
4 59
1 87
9 44
4 74
5 60
10 39
10 34
5 48
1 133
10 35
1 122
6 54
2 84
3 104
4 68
1 183
9 44
10 35
1 114
6 61
19 13
13 12
6 53
2 99
8 32
16 20
11 25
13 14
13 14
6 54
20 11
14 17
20 27
7 46
20 27
10 34
4 57
19 18
6 47
5 60
11 25
11 25
14 30
5 72
16 9
14 30
20 11
14 30
95 1
1 95
16 20
20 11
1 171
2 84
7 50
20 11
1 127
6 47
1 101
3 86
1 108
7 38
16 20
1 97
6 69
2 117
2 96
3 137
2 129
2 96
13 12
17 28
1 132
10 35
8 52
18 23
17 19
1 157
8 41
18 6
32 4
8 15
10 34
13 16
10 39
2 144
2 129
19 18
20 27
1 106
18 23
10 36
5 81
8 52
1 77
8 52
7 43
4 78
5 60
10 36
5 55
17 28
3 83
13 21
9 49
18 24
12 29
8 32
7 51
5 48
6 82
24 8
20 27
14 22
5 48
12 29
4 59
20 27
8 31
7 38
20 27
14 22
9 45
4 68
16 20
2 65
8 52
3 63
2 99
1 138
10 39
10 39
6 82
6 69
12 29
4 62
6 47
14 30
6 47
7 51
14 17
5 72
14 30
18 23
14 22
14 17
14 10
19 18
18 24
11 26
24 8
8 15
18 6
14 22
16 20
18 6
95 1
18 6
13 16
13 12
95 1
20 11
18 6
14 17
1 128
12 29
19 7
13 16
36 2
11 25
95 1
8 15
14 10
6 53
7 38
17 28
1 75
4 59
10 35
4 59
19 18
10 34
11 25
5 81
4 71
18 23
9 49
7 43
10 36
14 30
4 58
8 32
7 43
17 28
14 30
17 19
14 30
16 9
19 7
20 11
18 23
95 1
17 19
8 41
2 119
7 46
14 17
14 17
10 36
5 37
17 19
17 28
6 53
8 32
3 90
17 28
20 27
7 50
9 45
19 13
8 40
9 49
13 21
18 23
9 42
16 20
7 43
10 35
13 16
14 22
10 39
17 19
17 19
17 28
7 43
14 22
19 13
19 18
14 30
8 40
18 23
17 28
16 20
18 23
3 66
13 21
18 23
8 15
16 20
5 55
9 45
8 15
13 12
13 12
18 24
14 10
9 49
5 81
13 21
8 40
4 58
1 105
3 104
5 37
10 34
6 53
14 10
18 24
17 19
1 162
10 36
2 64
16 20
8 15
4 71
14 10
18 24
14 17
13 12
19 18
18 6
95 1
8 41
2 85
14 30
10 35
18 23
2 117
4 68
3 90
6 53
10 34
10 35
7 51
11 26
4 62
6 54
12 29
11 26
10 35
5 72
16 20
18 23
11 26
9 49
5 48
9 45
17 28
6 53
8 31
11 25
18 24
1 80
24 8
8 40
9 44
16 20
14 17
14 10
6 61
20 27
17 19
16 20
14 22
20 27
20 11
14 30
19 18
8 32
18 6
24 8
32 4
10 33
10 39
8 31
4 62
13 21
24 8
10 36
8 32
19 18
8 15
9 45
3 86
17 19
24 8
9 42
13 12
17 28
32 5
11 26
11 25
20 27
18 23
17 19
18 24
8 41
6 82
20 27
14 30
10 39
16 20
10 33
32 4
13 12
13 16
8 52
4 57
3 83
10 36
6 61
8 52
4 57
6 82
8 40
8 41
17 19
24 8
5 81
19 18
13 16
14 22
9 42
14 22
7 50
24 8
19 13
18 24
24 8
6 82
5 55
18 24
5 60
19 13
7 38
14 30
16 9
19 13
8 31
9 45
32 4
7 38
18 24
6 54
8 41
12 29
14 22
9 44
13 21
13 14
20 27
32 5
32 5
34 3
14 10
6 69
16 9
16 20
13 12
14 10
95 1
36 2
5 81
9 44
8 31
10 36
8 52
11 25
32 4
13 16
32 5
32 4
36 2
34 3
10 36
11 26
20 27
32 5
32 4
14 10
20 27
24 8
16 9
13 21
13 21
18 6
20 11
16 9
10 34
12 29
12 29
7 51
5 55
17 28
20 27
95 1
13 14
19 13
17 19
13 21
20 11
10 34
19 7
10 39
36 2
11 26
13 16
8 32
8 41
10 33
18 24
19 13
9 49
13 14
13 12
14 10
24 8
32 4
16 9
32 5
9 42
14 17
36 2
14 17
11 25
11 25
17 28
13 14
18 24
18 23
32 5
19 18
32 4
18 6
14 22
95 1
19 13
34 3
16 9
32 5
16 20
13 16
24 8
24 8
18 6
95 1
20 11
9 44
13 16
20 11
8 40
11 25
5 37
5 48
10 33
13 16
14 22
20 27
17 19
16 20
13 14
24 8
11 26
18 24
19 13
11 26
20 11
16 9
20 27
13 16
7 51
13 16
24 8
13 14
19 18
19 18
18 23
32 5
10 39
32 5
34 3
19 13
19 7
16 9
14 10
36 2
19 13
19 13
19 7
10 33
17 19
18 23
13 14
32 4
20 11
32 5
32 5
18 6
19 7
34 3
34 3
95 1
95 1
24 8
17 19
20 11
34 3
19 18
19 18
34 3
34 3
19 7
95 1
19 18
13 21
19 7
24 8
18 24
24 8
34 3
34 3
16 9
32 4
18 6
32 5
34 3
95 1
18 24
32 4
16 9
19 13
13 14
24 8
20 11
19 7
14 10
95 1
32 5
32 5
32 4
32 4
36 2
19 7
32 5
95 1
14 17
24 8
19 7
19 7
24 8
95 1
32 5
36 2
16 9
13 12
18 24
36 2
19 7
36 2
34 3
36 2
32 4
95 1
19 13
8 15
32 5
34 3
32 5
32 4
16 9
14 10
36 2
95 1
95 1
95 1
19 7
34 3
34 3
34 3
14 22
32 5
13 12
17 19
20 11
36 2
95 1
32 4
95 1
20 11
19 18
16 9
32 5
95 1
36 2
34 3
24 8
34 3
34 3
95 1
95 1
32 5
18 6
19 7
18 6
20 11
24 8
19 13
95 1
34 3
14 17
20 11
32 4
32 5
32 5
13 12
32 5
32 5
32 4
95 1
13 14
13 21
20 11
13 14
36 2
32 4
36 2
19 7
36 2
32 4
36 2
32 4
34 3
16 9
32 4
95 1
34 3
32 4
32 4
18 6
32 4
18 6
19 7
36 2
36 2
34 3
18 6
95 1
34 3
95 1
36 2
34 3
36 2
36 2
36 2
32 5
34 3
36 2
95 1
95 1
95 1
95 1
32 5
36 2
36 2
19 7
95 1
34 3
95 1
95 1
19 7
32 5
95 1
34 3
95 1
95 1
95 1
95 1
36 2
95 1
36 2
32 4
36 2
32 4
95 1
95 1
36 2
34 3
36 2
32 4
95 1
32 4
34 3
95 1
95 1
34 3
14 10
34 3
95 1
95 1
95 1
95 1
95 1
95 1
95 1
95 1
36 2
95 1
36 2
95 1
95 1
95 1
95 1
95 1
32 4
95 1
95 1
32 4
95 1
95 1
95 1
95 1
95 1
95 1
36 2
32 5
34 3
32 5
95 1
95 1
95 1
36 2
95 1
95 1
95 1
95 1
95 1
95 1
95 1
95 1
95 1
95 1
95 1
95 1
95 1
95 1
95 1
95 1
95 1
95 1
95 1
95 1
95 1
